-783.13 0.0 21.0
-686.75 48.19 47.0
-554.22 72.29 4.0
-397.59 60.24 64.0
-240.96 0.0 61.0
-120.48 -108.43 37.0
-48.19 -216.87 2.0
12.05 -313.25 36.0
48.19 -445.78 11.0
108.43 -638.55 21.0
108.43 -710.84 9.0
72.29 -783.13 49.0
0.0 -867.47 11.0
-72.29 -915.66 5.0
-192.77 -927.71 73.0
-277.11 -891.57 51.0
-277.11 -795.18 126.0
-228.92 -734.94 113.0
-144.58 -710.84 97.0
-48.19 -674.7 86.0
24.1 -638.55 109.0
72.29 -566.27 102.0
120.48 -433.73 88.0
132.53 -289.16 94.0
108.43 -144.58 63.0
60.24 -24.1 42.0
-72.29 12.05 -3.0
-192.77 -60.24 -38.0
-228.92 -180.72 -20.0
-168.67 -301.2 5.0
-156.63 -469.88 9.0
-192.77 -566.27 10.0
-265.06 -650.6 21.0
-385.54 -662.65 42.0
-481.93 -614.46 -4.0
-542.17 -493.98 -22.0
-481.93 -373.49 -4.0
-349.4 -337.35 -36.0
-216.87 -373.49 -76.0
-132.53 -481.93 -80.0
-120.48 -626.51 -29.0
-168.67 -771.08 49.0
-253.01 -855.42 32.0
-397.59 -891.57 28.0
-590.36 -855.42 2.0
-734.94 -759.04 12.0
-771.08 -626.51 40.0
-734.94 -469.88 7.0
-855.42 -301.2 14.0
-855.42 -84.34 27.0
